start	direction_in_starv
3862033	1
15270160	1
325435	1
762413	1
16601480	1
6307739	1
9136933	1
10142455	1
1848071	1
10478442	1
8799081	1
13328359	1
13323873	1
9803023	1
9799429	1
11913692	1
5584684	1
9144705	1
12754558	1
7868907	1
17190204	1
10661857	1
10682524	1
10043181	1
7928152	1
12860097	1
3282885	1
16167781	1
10130257	1
7503622	1
17475315	1
10140330	1
10139380	1
11248884	1
17376427	1
6646312	1
429209	1
606355	1
7675174	1
3606784	1
11425742	1
10934196	1
6742537	1
11621429	1
11624252	1
9625909	1
17486842	1
10716648	1
13513369	1
9879329	1
15400277	1
7710983	1
8022655	1
11899590	1
5747363	1
8226331	1
11169748	1
1624029	1
1613892	1
9725251	1
11930872	1
13505270	1
12170824	1
10790653	1
9155148	1
12793847	1
7470860	1
8712408	1
4072327	1
6506724	1
5470026	1
2618869	1
10389578	1
8481664	1
8477180	1
13575033	1
15891654	1
6261058	1
14014024	1
4954187	1
4861773	1
8460999	1
15361544	1
11394543	1
7206269	1
91980	1
4103020	1
2704741	1
1963634	1
11972697	1
12773867	1
5975557	1
9200103	1
3855843	1
885344	1
17480298	1
12156838	1
13860367	1
13108140	1
13111498	1
11246451	1
13619503	1
13633407	1
13607435	1
8862131	1
9343359	1
9374829	1
9378552	1
9381436	1
9385126	1
11470436	1
12443236	1
12653401	1
8907043	1
8915472	1
11226502	1
11222012	1
12940106	1
9510100	1
9516999	1
8773989	1
13064014	1
13072661	1
9995385	1
13193563	1
17320795	1
8968290	1
8956489	1
10464588	1
10469741	1
10450733	1
11147265	1
10239278	1
12789235	1
13165481	1
13149576	1
17473334	1
17464448	1
17474243	1
10414036	1
11004573	1
8767885	1
8771560	1
9594604	1
12203249	1
1249192	1
10009753	1
10017277	1
9307338	1
9308831	1
13057710	1
13059584	1
13543405	1
12524381	1
12526231	1
11261835	1
11287811	1
14429572	1
12965374	1
10642716	1
9401922	1
11636648	1
14145894	1
11715039	1
11735325	1
9707147	1
10183842	1
12892494	1
13431240	1
12978986	1
12982119	1
12845899	1
11822206	1
15103629	1
15123182	1
14182377	1
14177271	1
14173606	1
14172481	1
11187029	1
10319339	1
10621744	1
10689517	1
17408230	1
12475155	1
12482847	1
10056591	1
10039758	1
11104738	1
10541428	1
8855296	1
11779216	1
11749220	1
12034282	1
12038980	1
9778321	1
9337040	1
13688231	1
10761698	1
10766481	1
17305115	1
17308511	1
11063530	1
16197017	1
16432229	1
13905991	1
13897809	1
15210123	1
15219545	1
14981611	1
15049380	1
15074692	1
10269883	1
10274036	1
16743830	1
13509224	1
13796211	1
16522529	1
16575094	1
16664320	1
16736329	1
14761803	1
14658308	1
14862447	1
13365169	1
13408325	1
14276460	1
14291901	1
14374114	1
9039527	1
15302451	1
15533167	1
15612605	1
15689201	1
15820059	1
15849875	1
15899934	1
15956571	1
16826306	1
16831666	1
17073873	1
9088594	1
10913381	1
10937454	1
11918032	1
11926025	1
11940407	1
11959905	1
12880607	1
12876950	1
10799654	1
8159387	1
8161953	1
8167164	1
6963716	1
7449066	1
3373387	1
3378485	1
3382949	1
6628285	1
6640180	1
6624528	1
3419813	1
7826323	1
7837264	1
7276961	1
7024211	1
7017624	1
7658763	1
5037789	1
8520894	1
3498209	1
6185889	1
6151813	1
6812108	1
615544	1
8016994	1
5811582	1
7785999	1
7812908	1
7134345	1
5612117	1
2464456	1
6018003	1
6228190	1
6225443	1
6222089	1
6210936	1
6206821	1
8645521	1
1170708	1
7743839	1
7726719	1
7745971	1
17197895	1
7240445	1
8366521	1
4979771	1
4294895	1
4278825	1
325059	1
4599954	1
4610575	1
5290847	1
5364559	1
5356543	1
7288055	1
7314371	1
7320734	1
1924001	1
7473517	1
7493743	1
7498053	1
548300	1
778784	1
3919806	1
7967306	1
6231023	1
940017	1
924882	1
5891565	1
5899597	1
6040976	1
8702884	1
5725600	1
292423	1
8268324	1
3784210	1
4487028	1
4468500	1
4480116	1
455784	1
7517445	1
4152456	1
4772092	1
7218049	1
2222828	1
6887948	1
393880	1
8222202	1
7375147	1
274420	1
4692763	1
1229080	1
5439005	1
5339574	1
5332478	1
5326444	1
5344592	1
4963958	1
4930345	1
4394410	1
3709500	1
162830	1
26982	1
15499	1
24683	1
7327771	1
7349277	1
1637954	1
8102531	1
3960734	1
3965246	1
2850886	1
2835664	1
2799689	1
2765715	1
2839371	1
2986050	1
2803952	1
2842462	1
2960098	1
858930	1
8585983	1
8598502	1
428070	1
359223	1
3222440	1
3186011	1
3173540	1
2614194	1
2601141	1
2542301	1
6428305	1
6469767	1
2037191	1
2034950	1
1497626	1
1405087	1
2730292	1
1386215	1
1193065	1
2838608	1
1550878	1
1485424	1
2482255	1
4196138	1
4669542	1
2801858	1
2851691	1
13254225	1
855219	1
10629431	1
17440607	1
2797061	1
12896832	1
7433544	1
4154941	1
13695592	1
11917137	1
4479633	1
3962884	1
6272529	-1
13368276	-1
9108931	-1
9147468	-1
12123282	-1
7982526	-1
8987266	-1
9772510	-1
8668935	-1
7036957	-1
1353636	-1
4655791	-1
11550002	-1
12427505	-1
13065729	-1
1077463	-1
13300824	-1
7132132	-1
17111081	-1
8290273	-1
7551560	-1
10097202	-1
13096982	-1
11312476	-1
6585871	-1
4799384	-1
14985543	-1
257403	-1
4235614	-1
11696430	-1
11854993	-1
797023	-1
17466062	-1
7237718	-1
11653417	-1
10666823	-1
15008503	-1
11036582	-1
8496485	-1
13779096	-1
9934206	-1
3438312	-1
7770770	-1
6294240	-1
12490791	-1
8334305	-1
11324745	-1
11339735	-1
7487681	-1
7485834	-1
4739490	-1
3336920	-1
10858957	-1
17278959	-1
9444791	-1
5390189	-1
8539123	-1
9094552	-1
7558726	-1
7916689	-1
10368601	-1
7040211	-1
5173332	-1
11885613	-1
5930645	-1
9092173	-1
13387203	-1
10933502	-1
6326526	-1
3683537	-1
16848262	-1
11479354	-1
2636227	-1
11631941	-1
13170541	-1
10086137	-1
4274341	-1
9858488	-1
1567921	-1
1490653	-1
1107396	-1
7543976	-1
1708814	-1
4047937	-1
9160588	-1
12591704	-1
12211097	-1
7633360	-1
13329507	-1
11183132	-1
10615427	-1
10281634	-1
8916250	-1
12724986	-1
1347314	-1
13095762	-1
4172076	-1
4174089	-1
13369425	-1
7160135	-1
4389143	-1
13239587	-1
13777865	-1
4749123	-1
13882225	-1
12268995	-1
6906420	-1
9316631	-1
7083696	-1
11110157	-1
14825679	-1
385887	-1
5947093	-1
1659691	-1
7789847	-1
11561986	-1
12355600	-1
5651039	-1
17088049	-1
379885	-1
8891462	-1
4357636	-1
10003726	-1
11650715	-1
11957547	-1
7044058	-1
17116771	-1
4651044	-1
2922591	-1
12640462	-1
2307815	-1
9339400	-1
4710861	-1
6118215	-1
12135074	-1
11310972	-1
11314078	-1
11315207	-1
11327621	-1
11329482	-1
11296952	-1
13100715	-1
13136032	-1
9095754	-1
10513886	-1
17429597	-1
11150113	-1
11150997	-1
13639260	-1
11473363	-1
10219373	-1
12444449	-1
17371769	-1
12912722	-1
9500311	-1
13068751	-1
13079446	-1
13094007	-1
9217726	-1
13715906	-1
10001970	-1
9999160	-1
9983195	-1
9980734	-1
10482624	-1
10243612	-1
10246160	-1
12420683	-1
12435833	-1
13150552	-1
12084478	-1
12085420	-1
17457831	-1
11558737	-1
10877708	-1
11016224	-1
12330976	-1
8764867	-1
8728177	-1
8741495	-1
9146334	-1
9932235	-1
9916524	-1
12372253	-1
9884570	-1
11030143	-1
1266866	-1
1253137	-1
1232825	-1
1261324	-1
9459731	-1
11588260	-1
9319380	-1
13035956	-1
14083568	-1
14091254	-1
11333078	-1
12967445	-1
11628749	-1
9653535	-1
9654317	-1
9439078	-1
11372991	-1
11480846	-1
13244324	-1
13247261	-1
10177968	-1
9862221	-1
12903785	-1
12907469	-1
12887062	-1
12077107	-1
12573368	-1
12585190	-1
10126749	-1
13434172	-1
12989685	-1
11518426	-1
12124952	-1
11179645	-1
11184291	-1
10366333	-1
10686048	-1
11116732	-1
10533939	-1
8843426	-1
10861402	-1
12031324	-1
9796688	-1
9789796	-1
10151947	-1
9333297	-1
12677398	-1
12719964	-1
13673804	-1
17281455	-1
9817412	-1
9825694	-1
16424637	-1
9253974	-1
9258921	-1
14042595	-1
13482769	-1
15006794	-1
15037331	-1
13549605	-1
13773474	-1
13788907	-1
13786945	-1
14768201	-1
14822540	-1
14766773	-1
13371999	-1
13403742	-1
14379953	-1
14394138	-1
13273846	-1
9043994	-1
15445368	-1
15473660	-1
15472809	-1
15930581	-1
15951936	-1
17090640	-1
10732832	-1
9074673	-1
17250131	-1
10908130	-1
12014130	-1
11684975	-1
12559365	-1
12869270	-1
12866109	-1
3385910	-1
6635089	-1
5086856	-1
5091586	-1
5850826	-1
7031559	-1
8210906	-1
6155492	-1
6154558	-1
6779845	-1
6798911	-1
6818703	-1
2111890	-1
5159427	-1
8016274	-1
7774411	-1
7792349	-1
1553752	-1
12276083	-1
6565377	-1
903696	-1
899543	-1
895391	-1
891239	-1
5735020	-1
7924350	-1
7728913	-1
17176477	-1
8377705	-1
4744377	-1
8686756	-1
6603998	-1
4301306	-1
339808	-1
330823	-1
4602865	-1
7943614	-1
4659049	-1
4659631	-1
126731	-1
7580597	-1
7575718	-1
7568893	-1
7578506	-1
7707574	-1
7714164	-1
7709192	-1
4042575	-1
3867309	-1
6582739	-1
684497	-1
8130561	-1
7635653	-1
3989102	-1
4117732	-1
4119460	-1
4123525	-1
1953579	-1
1310166	-1
4360837	-1
7491764	-1
7478452	-1
7476163	-1
568368	-1
773237	-1
795755	-1
907848	-1
5885835	-1
4810934	-1
4807426	-1
5729658	-1
311484	-1
1510564	-1
8285175	-1
8286587	-1
6076686	-1
1710265	-1
4706854	-1
4712825	-1
12308293	-1
652130	-1
655390	-1
245143	-1
7514366	-1
4446216	-1
4442362	-1
4776364	-1
8449353	-1
16855042	-1
16863870	-1
396545	-1
388084	-1
5541627	-1
5567020	-1
7821664	-1
6913538	-1
6910683	-1
6917111	-1
5187155	-1
506731	-1
3303990	-1
3298600	-1
3295135	-1
5354488	-1
4386651	-1
3694935	-1
3715780	-1
3748210	-1
218552	-1
8765	-1
2323271	-1
2390821	-1
2389445	-1
2333837	-1
2388185	-1
1660110	-1
1605712	-1
1562184	-1
1560104	-1
8113393	-1
7081514	-1
3940259	-1
1965481	-1
2927517	-1
1056892	-1
1012624	-1
1052524	-1
1055023	-1
1097453	-1
1094541	-1
1087108	-1
800818	-1
874791	-1
445677	-1
426168	-1
3253261	-1
3067869	-1
2641310	-1
2497803	-1
2494516	-1
2612432	-1
6415478	-1
6317047	-1
6373134	-1
1973705	-1
1408608	-1
2688913	-1
2720313	-1
2710121	-1
4511893	-1
4515044	-1
4520181	-1
4528759	-1
5397069	-1
5395033	-1
5393843	-1
6091486	-1
5209501	-1
17285733	-1
9651394	-1
6657981	-1
1219338	-1
4806697	-1
2805857	-1
4688269	-1
11020517	-1
386699	-1
9194824	-1
393156	-1
2711950	-1
205298	-1
2890882	-1
2809410	-1
5480558	-1
9334351	-1
