start	direction_in_starv
7973717	1
5077764	1
7454074	1
13133906	1
12020552	1
9766509	1
5595771	1
8067289	1
4489359	1
5635479	1
7979959	1
1807740	1
5240591	1
13019008	1
11657767	1
7023642	1
2994514	1
5625135	1
6746308	1
8038241	1
10763131	1
842930	1
2549920	1
12910510	1
13663400	1
8111168	1
676122	1
9619711	1
4029095	1
4476918	1
6592525	1
7573350	1
3789979	1
9038779	1
4965571	1
8258345	1
6159453	1
9147395	1
7112295	1
3933583	1
7145842	1
7243280	1
4804688	1
5664233	1
919526	1
365949	1
5509170	1
6990168	1
1821149	1
10189212	1
9593120	1
11428367	1
8749680	1
5816232	1
10355098	1
12755348	1
9303859	1
4276196	1
13463163	1
11633216	1
8535131	1
991881	1
8634067	1
2793323	1
1062794	1
9546258	1
8193843	1
6853101	1
12333745	1
5828557	1
4350099	1
4751878	1
9686922	1
3864489	1
10364956	1
9330316	1
9319941	1
3553649	1
1219	1
9075726	1
4618801	1
4623029	1
4628465	1
4635247	1
4731938	1
4566275	1
3956624	1
9913993	1
3377396	1
13049416	1
9155066	1
13265866	1
8996898	1
9023944	1
9281780	1
9300219	1
10759307	1
9932398	1
9929077	1
9923174	1
9361528	1
10796718	1
9851854	1
9843768	1
9257261	1
9260175	1
3503710	1
3510924	1
3521133	1
10393350	1
10034181	1
4397415	1
4415520	1
9785944	1
13378442	1
4689280	1
4706978	1
13627056	1
13625972	1
10081443	1
10109295	1
10212396	1
10199352	1
10538081	1
4650494	1
3801901	1
9425466	1
13457687	1
4749794	1
10711530	1
12820193	1
12915118	1
10595258	1
10605349	1
13070756	1
11650452	1
11257300	1
10992044	1
11025239	1
11027242	1
12398901	1
12430509	1
12453588	1
11917836	1
11974128	1
11580694	1
11548370	1
11534674	1
10239104	1
12186411	1
12354898	1
13546889	1
12499557	1
12538664	1
12595994	1
12699494	1
1271993	1
1267299	1
1265623	1
9824877	1
9826431	1
8890231	1
8930023	1
8944657	1
8952886	1
10124183	1
7102092	1
7128901	1
7268416	1
7283911	1
7298348	1
8245891	1
8227830	1
5607509	1
5597979	1
6410020	1
6553627	1
6620252	1
6381634	1
6379212	1
6213070	1
6215164	1
725119	1
4952124	1
4980521	1
5920322	1
5908700	1
5889721	1
5886959	1
7937848	1
124778	1
4881888	1
2227707	1
3142198	1
5036458	1
5042412	1
5507011	1
8148963	1
8155947	1
2465413	1
2446209	1
5879489	1
5874673	1
7345855	1
7349291	1
5573994	1
5546987	1
5551232	1
5553489	1
8272956	1
8324542	1
7009136	1
8665338	1
8652578	1
917053	1
4846582	1
7182167	1
6048909	1
8467035	1
8029900	1
8031413	1
6282380	1
6299330	1
5461379	1
5453590	1
5326623	1
7315903	1
7329705	1
5578414	1
1112279	1
2369670	1
3321	1
2842044	1
8770734	1
8777888	1
8776253	1
845841	1
840458	1
8093573	1
5185920	1
378137	1
1509266	1
8756990	1
5501885	1
5492925	1
8356887	1
8380945	1
1002707	1
7562172	1
5024914	1
7616528	1
6906709	1
6898014	1
6909590	1
6251811	1
956334	1
952390	1
944733	1
5288177	1
627667	1
2257527	1
872621	1
881443	1
1626632	1
1658207	1
1705946	1
1665831	1
1672453	1
1696952	1
1020954	1
1023221	1
1026462	1
2066561	1
1997882	1
2009299	1
1855392	1
6149961	1
6148186	1
6146258	1
6141957	1
333618	1
2567404	1
2282025	1
2266651	1
2266980	1
1538471	1
2629013	1
1305716	1
1313297	1
1399970	1
1384370	1
1376945	1
1382185	1
1403408	1
1175074	1
1263992	1
1256819	1
1249475	1
1239048	1
1236015	1
1261942	1
5218987	1
5267848	1
7901033	1
7892256	1
11456877	1
5004822	1
12025351	1
4686097	1
3840579	1
9074704	1
6495673	1
4778388	1
1247618	1
2259906	1
2802465	1
1401940	1
7883574	1
8159156	1
2211420	1
1983612	1
8218219	1
8786377	1
146969	1
13604412	-1
13673280	-1
5714886	-1
860198	-1
12816789	-1
4594543	-1
9467464	-1
3853102	-1
6885207	-1
11918828	-1
4499188	-1
5853530	-1
9747472	-1
10866946	-1
7495320	-1
5277894	-1
9055048	-1
9516631	-1
1763522	-1
7948838	-1
7857315	-1
4863427	-1
13266932	-1
7860466	-1
10911460	-1
9106699	-1
13768648	-1
773414	-1
1859888	-1
10245056	-1
6462963	-1
5924394	-1
8631165	-1
13390850	-1
4698119	-1
5859308	-1
11372886	-1
13342684	-1
9489176	-1
9751552	-1
6009560	-1
7824377	-1
8969635	-1
11718834	-1
4715293	-1
9080371	-1
9081828	-1
7914306	-1
11625242	-1
12171354	-1
5259023	-1
8628932	-1
9391330	-1
12232632	-1
5159729	-1
11091548	-1
9615306	-1
5803260	-1
7379143	-1
10535526	-1
10752195	-1
1619742	-1
13343417	-1
6930134	-1
6703988	-1
13302717	-1
8250632	-1
2769356	-1
8399168	-1
599510	-1
6383552	-1
6444693	-1
7949971	-1
9824083	-1
5474476	-1
475454	-1
4288264	-1
9794367	-1
6440145	-1
3392514	-1
5971527	-1
12871029	-1
6411578	-1
3400638	-1
6013447	-1
7929043	-1
11915928	-1
13296853	-1
13341527	-1
6730800	-1
13576182	-1
4562738	-1
1081395	-1
8243122	-1
3699739	-1
11131775	-1
8101348	-1
12345323	-1
8025185	-1
6941888	-1
8438374	-1
9612254	-1
8164373	-1
7239027	-1
8807482	-1
10781853	-1
9004821	-1
10746581	-1
10217302	-1
6972253	-1
10742810	-1
4406286	-1
852801	-1
9225339	-1
4093308	-1
8129551	-1
5705525	-1
7855134	-1
7180251	-1
3528642	-1
8447353	-1
5679298	-1
7178991	-1
7189178	-1
1950535	-1
794300	-1
6489793	-1
12370456	-1
12686182	-1
11826418	-1
3086671	-1
11290904	-1
4587501	-1
1143172	-1
7862070	-1
12429172	-1
4903997	-1
4911256	-1
69073	-1
5702204	-1
3198477	-1
6432178	-1
10740868	-1
4015910	-1
12240367	-1
11500867	-1
5275251	-1
7067686	-1
188838	-1
3068310	-1
5165659	-1
491547	-1
10314523	-1
10318939	-1
5236404	-1
2812143	-1
11774950	-1
4757260	-1
9491396	-1
9462978	-1
9468157	-1
9465767	-1
12793386	-1
9694668	-1
9676320	-1
3702260	-1
4178786	-1
4177545	-1
4171336	-1
4152054	-1
11816573	-1
11823448	-1
11810556	-1
11780233	-1
3627234	-1
3461703	-1
3482591	-1
3460406	-1
4783194	-1
9331514	-1
9314717	-1
3760378	-1
9568751	-1
3578695	-1
10475245	-1
9084310	-1
4616528	-1
4593231	-1
10507058	-1
13423514	-1
13426264	-1
13434861	-1
13344937	-1
13256878	-1
9629246	-1
3396355	-1
3397743	-1
10436276	-1
10443090	-1
10748429	-1
10740177	-1
10757641	-1
9927769	-1
9347768	-1
13744222	-1
13764030	-1
9847626	-1
3510237	-1
3493814	-1
10399174	-1
10416139	-1
10421785	-1
10428327	-1
4541420	-1
4542881	-1
10931201	-1
10261763	-1
4394796	-1
4418343	-1
4413457	-1
8966054	-1
4188160	-1
4204429	-1
13393910	-1
4692098	-1
4704404	-1
13563346	-1
9739094	-1
10303368	-1
10318452	-1
10355837	-1
10332526	-1
4263786	-1
13642420	-1
13639893	-1
13623314	-1
10040181	-1
9404484	-1
13462357	-1
13501630	-1
11326654	-1
11344100	-1
10960049	-1
10736893	-1
10707761	-1
12829368	-1
12875031	-1
12920266	-1
12926557	-1
10630070	-1
10643129	-1
10646170	-1
10649519	-1
10699216	-1
10700665	-1
12967898	-1
13153817	-1
13165659	-1
13299378	-1
13307502	-1
4244858	-1
10566258	-1
10572445	-1
11276297	-1
11317570	-1
11142448	-1
11382222	-1
11008222	-1
11009043	-1
11063479	-1
11119803	-1
12372582	-1
12446348	-1
11915153	-1
11920735	-1
11921692	-1
11971467	-1
11485479	-1
11568137	-1
11488353	-1
12152899	-1
12225639	-1
12319089	-1
13540139	-1
12673677	-1
12711560	-1
9199358	-1
9192976	-1
9114949	-1
9141749	-1
9145340	-1
9813446	-1
8956540	-1
12975068	-1
12979162	-1
3920628	-1
3922207	-1
9543119	-1
9525552	-1
9523121	-1
10141442	-1
7110302	-1
7120905	-1
8684808	-1
8686327	-1
8693622	-1
8717644	-1
7275499	-1
1900774	-1
1037492	-1
1031318	-1
8561136	-1
6427526	-1
8591271	-1
8609882	-1
6622700	-1
8133665	-1
6394236	-1
6208064	-1
6195981	-1
689169	-1
4944513	-1
4939567	-1
4935578	-1
4932450	-1
5907049	-1
5884307	-1
5917628	-1
7941151	-1
8205124	-1
8449757	-1
8443910	-1
5230555	-1
5226818	-1
5234612	-1
4862351	-1
4860683	-1
4877526	-1
2198006	-1
5069066	-1
5048117	-1
6346281	-1
6340113	-1
5544295	-1
5526104	-1
8145015	-1
5878554	-1
5848838	-1
5861842	-1
5868590	-1
7359498	-1
5557365	-1
5555450	-1
8266062	-1
8311007	-1
8308538	-1
8318678	-1
6500514	-1
6483218	-1
900138	-1
908330	-1
5958722	-1
5953557	-1
4912699	-1
4917243	-1
4903169	-1
505241	-1
6718570	-1
7180752	-1
7167838	-1
192103	-1
190986	-1
6173403	-1
6154844	-1
6171219	-1
783703	-1
8028133	-1
8832480	-1
8848582	-1
8850001	-1
5446511	-1
5321885	-1
1945058	-1
1951526	-1
87559	-1
5680433	-1
5659802	-1
5677969	-1
8825226	-1
5584947	-1
5589036	-1
6923971	-1
3070523	-1
17318	-1
2402070	-1
2376193	-1
2636383	-1
6889774	-1
5173922	-1
5173439	-1
8047712	-1
8046034	-1
8045017	-1
8044487	-1
1496401	-1
8768311	-1
5480303	-1
6865206	-1
5008925	-1
5007093	-1
7209967	-1
7223233	-1
7198151	-1
5163759	-1
5169933	-1
6248637	-1
6244672	-1
950869	-1
6114482	-1
740682	-1
755262	-1
615422	-1
2899371	-1
7386229	-1
7382115	-1
7232926	-1
542066	-1
513720	-1
525097	-1
5440766	-1
6462216	-1
2406310	-1
642059	-1
636486	-1
862306	-1
1617151	-1
1777802	-1
2151945	-1
265090	-1
254535	-1
235844	-1
284117	-1
315460	-1
3297451	-1
3294743	-1
3290119	-1
3317725	-1
3101229	-1
2314436	-1
2329577	-1
5153464	-1
5151907	-1
1558800	-1
1555410	-1
1152044	-1
2700937	-1
2718230	-1
2747120	-1
2834663	-1
1409349	-1
1419855	-1
1483624	-1
1080901	-1
6725789	-1
1208133	-1
1194386	-1
1196389	-1
5203685	-1
5268755	-1
5273805	-1
6006344	-1
8402049	-1
8403709	-1
8752095	-1
7072613	-1
7085196	-1
7859613	-1
7773134	-1
7763720	-1
7767573	-1
7904943	-1
7881113	-1
7625386	-1
7641034	-1
8429297	-1
8431608	-1
8439533	-1
8418168	-1
4242672	-1
13641795	-1
6164573	-1
4961817	-1
10405248	-1
640790	-1
7858979	-1
10505480	-1
4189360	-1
