start	direction_in_starv
2608652	1
5976024	1
10248905	1
20898840	1
19049562	1
8272385	1
8267511	1
13498780	1
10564880	1
13557104	1
12144244	1
12060234	1
6831177	1
10293563	1
16592572	1
11975551	1
16532936	1
6614674	1
13381189	1
6758135	1
2763981	1
6026329	1
11602294	1
12731767	1
10169177	1
20818	1
12453290	1
9899578	1
6573939	1
10308291	1
724332	1
1427653	1
6392537	1
16219634	1
12638666	1
12645477	1
12752603	1
3551346	1
16231032	1
7398396	1
20780407	1
14949777	1
14090426	1
9547105	1
2881393	1
7805064	1
14033949	1
20375536	1
12487234	1
15244756	1
13879552	1
12968855	1
10282100	1
6956537	1
6691371	1
4836027	1
10918857	1
20105633	1
2227203	1
15674007	1
2276013	1
18616587	1
610512	1
7684052	1
19076604	1
2233477	1
474778	1
2225430	1
489620	1
1622264	1
16912234	1
1619415	1
2229081	1
2222064	1
2210510	1
2231223	1
12107141	1
4236418	1
3987900	1
13828267	1
14411649	1
14729643	1
11924621	1
17755892	1
12014383	1
15192572	1
1276415	1
11566801	1
9174089	1
12063476	1
20278654	1
603610	1
14829177	1
11727900	1
8805399	1
6633225	1
19924224	1
17347902	1
13425548	1
4865664	1
2738721	1
728301	1
1685628	1
4924918	1
4926671	1
4922324	1
4921102	1
444893	1
447531	1
16246879	1
3595148	1
3592738	1
2865199	1
17805623	1
3549853	1
15215475	1
7369708	1
2571527	1
736803	1
734420	1
16075659	1
6284833	1
9834463	1
9832646	1
13418951	1
3032639	1
19381268	1
19400077	1
9003672	1
682331	1
15397385	1
13854878	1
13857432	1
15758749	1
13327763	1
10231821	1
751326	1
9144619	1
8792760	1
4726721	1
11709769	1
12265707	1
13796641	1
15704960	1
982706	1
19995986	1
20879601	1
10372321	1
10398801	1
10297399	1
20480803	1
9658862	1
13138981	1
15600307	1
13908130	1
15476060	1
15498734	1
11142951	1
17895314	1
17899803	1
17910319	1
10109833	1
10107609	1
18371846	1
10239590	1
12104220	1
12109046	1
12121574	1
12118694	1
18158026	1
12596387	1
12734198	1
14415499	1
17521035	1
15050887	1
19407712	1
19403530	1
13305138	1
13301833	1
12131457	1
16300576	1
13083055	1
13090405	1
10509137	1
17559246	1
17549675	1
12835688	1
12846091	1
14680314	1
13565863	1
13566931	1
9526793	1
9531801	1
9517519	1
9523167	1
9529951	1
9889837	1
12418592	1
12441663	1
12445164	1
12448682	1
18819766	1
18811005	1
15648035	1
11512309	1
13529545	1
14098858	1
14096944	1
14088891	1
12566016	1
14476903	1
14479279	1
16149105	1
16214890	1
16226079	1
16217675	1
14306468	1
16074117	1
15019057	1
10403181	1
18189481	1
18222692	1
10948230	1
10951860	1
10958931	1
15543106	1
16227121	1
16233924	1
16230165	1
10453857	1
12361301	1
12365348	1
9556027	1
20559162	1
20580990	1
15567394	1
15571476	1
16278116	1
10747901	1
20847702	1
17322590	1
10888187	1
13359335	1
13360554	1
11613307	1
11601171	1
11625900	1
15919434	1
15923279	1
15981685	1
11527831	1
9786993	1
9791567	1
9774897	1
11669338	1
14315859	1
14321367	1
14331733	1
17353323	1
17331640	1
17342791	1
17345214	1
16862012	1
17023241	1
10970345	1
13416096	1
13584784	1
13611337	1
13627573	1
20387715	1
10852518	1
15814232	1
12919986	1
14375996	1
12637663	1
13193928	1
16482420	1
16342308	1
14057840	1
13992656	1
13672589	1
11963007	1
17656890	1
17666075	1
14899804	1
11118766	1
13629701	1
14247477	1
14253488	1
9484206	1
9497042	1
15685716	1
15693994	1
10339500	1
15137029	1
15140547	1
10004755	1
17298282	1
11880032	1
11888248	1
15241559	1
15260890	1
19437899	1
13386058	1
19784129	1
14480383	1
10087480	1
9837979	1
12065959	1
12092006	1
14714207	1
18242323	1
18259260	1
12711293	1
13511905	1
11833619	1
11917573	1
12903550	1
12906128	1
14993838	1
13704271	1
13716824	1
14163255	1
14157663	1
11362445	1
20827715	1
16578462	1
16600842	1
11064954	1
11054127	1
11757658	1
12241971	1
12241426	1
12256698	1
12258982	1
15899996	1
15402264	1
15418122	1
9951233	1
12859444	1
13469066	1
15285556	1
15288777	1
12937574	1
12932941	1
11172213	1
16839121	1
10572914	1
10581887	1
10589092	1
16745109	1
16739268	1
16737765	1
16731900	1
16728731	1
16730261	1
15779679	1
15427145	1
11631424	1
12503794	1
12513056	1
20660325	1
12493239	1
19748961	1
19735077	1
11689413	1
13047980	1
14917735	1
13445899	1
15712207	1
15716348	1
17594344	1
18784954	1
17371514	1
17377406	1
16493453	1
16606613	1
10428721	1
10480949	1
18123939	1
20540379	1
20555690	1
19201016	1
19119527	1
19020480	1
18970500	1
11087948	1
11095446	1
19371553	1
19377444	1
19478152	1
19468383	1
19455950	1
19452122	1
19614506	1
20787340	1
14726896	1
18555387	1
18556714	1
18573056	1
18656088	1
18670317	1
18640304	1
18638484	1
15187888	1
18895281	1
16850394	1
20148195	1
20196971	1
20208691	1
19842632	1
14168360	1
12808422	1
12810212	1
12812296	1
12816912	1
12820260	1
12793014	1
16046873	1
12194565	1
12186326	1
11836391	1
3955701	1
3964797	1
3970702	1
9168393	1
5263948	1
5274070	1
5265844	1
2501051	1
2494235	1
5181912	1
5178338	1
7365251	1
7379745	1
5893315	1
3368073	1
3362775	1
742120	1
3523587	1
5996416	1
7686350	1
7688193	1
563134	1
8243679	1
8264241	1
3906106	1
4770670	1
4764220	1
9195817	1
2706966	1
2730622	1
5509930	1
9030548	1
2574181	1
2896610	1
7006264	1
7004150	1
6980587	1
6983371	1
7844343	1
4818763	1
1482042	1
2147095	1
4046422	1
4043932	1
4034476	1
5762494	1
7530140	1
7517652	1
8143905	1
8855134	1
9227497	1
9234610	1
9258136	1
7626850	1
7200232	1
7328392	1
7335866	1
6372101	1
2329444	1
2330429	1
2323014	1
2324634	1
1315119	1
1601038	1
1588428	1
6108964	1
7552121	1
7552756	1
7024595	1
8186037	1
8192060	1
9096267	1
2131473	1
5700154	1
7451721	1
7449353	1
7447265	1
7435930	1
7438285	1
7981545	1
7955404	1
7957277	1
5838955	1
3463814	1
8638221	1
8641602	1
665919	1
6276439	1
9401764	1
1778323	1
4742422	1
7891530	1
2250540	1
2242778	1
2247254	1
2257420	1
8607800	1
8603480	1
8629174	1
9303326	1
6622194	1
5765127	1
3844429	1
636581	1
633901	1
8410595	1
8379506	1
8415648	1
1467744	1
2592591	1
2814124	1
2447895	1
6401379	1
2022674	1
3045137	1
3024549	1
3813735	1
8923088	1
4451047	1
9444048	1
6804512	1
4689330	1
4691605	1
6550171	1
1668516	1
8907196	1
9338859	1
8203332	1
8207926	1
5752352	1
5042376	1
5052261	1
6279031	1
3014485	1
5621690	1
4794599	1
3790070	1
1462011	1
1460369	1
1455062	1
774995	1
521595	1
7123658	1
486984	1
484857	1
865074	1
869482	1
884878	1
7751755	1
6440174	1
1982613	1
5354053	1
1846201	1
6870304	1
4887165	1
4892588	1
1176724	1
3597670	1
3602048	1
3606748	1
3612158	1
349385	1
8457616	1
8470013	1
3532914	1
9092345	1
9067978	1
9069857	1
9074784	1
3280379	1
7085956	1
8307942	1
8297700	1
8305120	1
8302779	1
2666900	1
6206755	1
6221249	1
1130112	1
2197997	1
2201435	1
2401357	1
2385956	1
2301716	1
2322038	1
3749392	1
1811345	1
1112958	1
7060530	1
1270911	1
7983879	1
8001463	1
7938605	1
4317876	1
8666065	1
8674586	1
8736669	1
8733106	1
6720322	1
7716419	1
7722837	1
6590583	1
6291390	1
9355505	1
10100224	1
3482960	1
780299	1
14107811	1
15444916	1
19405729	1
16843241	1
16846811	1
271922	1
3668764	1
4912764	1
5854743	1
7259265	1
7724494	1
8602084	1
4553872	1
8383922	1
2392772	1
15398939	1
17919026	1
13778015	1
15264554	1
16598889	1
1494769	1
7954793	1
19432447	1
19402181	1
19460605	1
18143745	1
19436484	1
14638650	1
16044294	1
16618338	1
19418136	1
16907969	1
4038410	1
13092649	1
9946321	1
12437440	1
10795794	1
19434387	1
19465146	1
7707025	1
7798379	1
19457420	1
15530783	1
17251911	1
7712213	1
6556653	1
8145629	1
6950807	1
14064722	1
11076777	-1
8221488	-1
10127492	-1
9737556	-1
14453302	-1
1567076	-1
15921309	-1
3757153	-1
2106398	-1
12736703	-1
8683052	-1
1449665	-1
1448004	-1
1447195	-1
9159586	-1
10291701	-1
10393531	-1
11484042	-1
9336762	-1
15296834	-1
1132598	-1
15395696	-1
14356076	-1
15189927	-1
15186582	-1
5799673	-1
14684918	-1
19815133	-1
20087848	-1
5983745	-1
11489048	-1
15381219	-1
5503033	-1
6511583	-1
12191519	-1
12048745	-1
15357664	-1
6679123	-1
12954002	-1
18860285	-1
10896658	-1
12996787	-1
17725004	-1
7151353	-1
15000651	-1
7225223	-1
12785153	-1
20846158	-1
899304	-1
7546468	-1
6431333	-1
1815851	-1
10319654	-1
14978505	-1
4412748	-1
11344828	-1
7774545	-1
2561690	-1
1730684	-1
13497690	-1
15760455	-1
6594194	-1
9645859	-1
14525389	-1
9546092	-1
4824124	-1
8384799	-1
6584	-1
13043712	-1
7820578	-1
13890773	-1
6488203	-1
5826833	-1
10814106	-1
12197437	-1
12252572	-1
10277904	-1
10280307	-1
15056719	-1
4347166	-1
13433050	-1
10733925	-1
9478163	-1
4983747	-1
2662964	-1
10082133	-1
2061106	-1
4187202	-1
16259984	-1
7091714	-1
8546174	-1
6898540	-1
14421566	-1
10770368	-1
5583161	-1
14595314	-1
5669604	-1
504028	-1
20239182	-1
5943467	-1
9177949	-1
1165711	-1
18919221	-1
16792759	-1
12245646	-1
9689686	-1
5428160	-1
10252838	-1
20479689	-1
12727593	-1
15512166	-1
7775742	-1
15000018	-1
103394	-1
7776578	-1
11980534	-1
6016059	-1
20091263	-1
11978508	-1
6785451	-1
13889816	-1
12352745	-1
10659635	-1
2893276	-1
17303054	-1
2568876	-1
19213667	-1
5019224	-1
5012803	-1
15128255	-1
5001686	-1
3634559	-1
8986574	-1
1734869	-1
10806141	-1
10210444	-1
12761044	-1
18998345	-1
14183123	-1
9347044	-1
7028258	-1
9334298	-1
8936359	-1
1475086	-1
14731064	-1
18852704	-1
20250806	-1
18055969	-1
10317492	-1
11731120	-1
20493924	-1
13133635	-1
18328972	-1
15089740	-1
15089076	-1
15087656	-1
15084059	-1
15082530	-1
15086913	-1
13896663	-1
11127497	-1
17879818	-1
10130399	-1
10134643	-1
10223513	-1
12114993	-1
12523638	-1
11011589	-1
12592568	-1
12742041	-1
14417903	-1
14422725	-1
19421471	-1
12153157	-1
9978791	-1
9986431	-1
15354901	-1
10493409	-1
10521994	-1
14683698	-1
13310186	-1
13331114	-1
13578972	-1
10145953	-1
10768463	-1
10784311	-1
10785786	-1
10804721	-1
11825033	-1
11825894	-1
11827354	-1
17486334	-1
14469231	-1
13873195	-1
12041556	-1
12045432	-1
16069238	-1
12988556	-1
10965719	-1
10961834	-1
20162615	-1
13755011	-1
13771509	-1
16100680	-1
14445323	-1
14449697	-1
12342314	-1
10545741	-1
13466924	-1
16437846	-1
20573692	-1
15578707	-1
10749605	-1
10758958	-1
10654415	-1
10658235	-1
10894800	-1
10898435	-1
10893650	-1
11610737	-1
13737010	-1
13734309	-1
13727761	-1
13745695	-1
16499352	-1
9711447	-1
16103894	-1
16138760	-1
12541039	-1
12552213	-1
11323965	-1
10999663	-1
13408242	-1
13411077	-1
13414949	-1
13592124	-1
15816382	-1
11763139	-1
11784587	-1
12271873	-1
12270271	-1
12288922	-1
10050047	-1
9756468	-1
13661257	-1
11110100	-1
12412487	-1
12410879	-1
12409415	-1
11407584	-1
16173746	-1
9501401	-1
9504910	-1
10350466	-1
10353583	-1
15134198	-1
11201925	-1
19445873	-1
19788440	-1
10080083	-1
10085164	-1
10096305	-1
12317278	-1
13954356	-1
12728631	-1
12729520	-1
12966003	-1
12955210	-1
12967308	-1
14987547	-1
20838080	-1
20816570	-1
17085002	-1
15393108	-1
12867962	-1
13180330	-1
15149100	-1
16024326	-1
11493551	-1
12929482	-1
12935538	-1
11221302	-1
11234650	-1
11149705	-1
10590548	-1
13893325	-1
20667205	-1
12659704	-1
14824424	-1
16794908	-1
18832264	-1
18715853	-1
10256170	-1
18108269	-1
20497924	-1
20536430	-1
19190547	-1
19101347	-1
18993940	-1
18981306	-1
19503101	-1
19644239	-1
19693900	-1
18516789	-1
18524760	-1
18481073	-1
17845736	-1
18022479	-1
18043571	-1
18070004	-1
17995347	-1
19897977	-1
18689989	-1
18940641	-1
16802872	-1
20270107	-1
10737116	-1
12825024	-1
18458241	-1
18462787	-1
18410327	-1
9680134	-1
10198686	-1
10205680	-1
5269485	-1
1635	-1
4919207	-1
1042691	-1
7342156	-1
7359929	-1
5882563	-1
5914093	-1
5918060	-1
5108180	-1
7231190	-1
7234922	-1
3503080	-1
4997021	-1
5665242	-1
5545669	-1
5534118	-1
7777300	-1
5386299	-1
5389341	-1
7862338	-1
4827360	-1
4856958	-1
5593706	-1
8123684	-1
4327121	-1
4338883	-1
210145	-1
5433386	-1
5410955	-1
7193766	-1
7157142	-1
7139475	-1
7141923	-1
7145656	-1
7154503	-1
7161068	-1
6363408	-1
7051715	-1
9097201	-1
2127535	-1
5682721	-1
8539727	-1
8564303	-1
674886	-1
4346089	-1
4369353	-1
4371807	-1
2872465	-1
8358203	-1
7877444	-1
8626900	-1
4647769	-1
8017207	-1
8026708	-1
5772831	-1
5781317	-1
5785957	-1
5791230	-1
6524989	-1
4285037	-1
1548143	-1
2602153	-1
4628580	-1
2810398	-1
2459637	-1
2476905	-1
3641858	-1
3644740	-1
8990244	-1
4908884	-1
4906253	-1
4903930	-1
4901374	-1
4911712	-1
904963	-1
4199485	-1
4195577	-1
3945353	-1
3942160	-1
3936326	-1
8218267	-1
6259367	-1
3198544	-1
5023706	-1
5029319	-1
464828	-1
462588	-1
459795	-1
5951433	-1
5940022	-1
5930905	-1
4801094	-1
9016779	-1
3774536	-1
3772021	-1
3777297	-1
773518	-1
7409899	-1
810812	-1
2849343	-1
4129904	-1
6436645	-1
6434128	-1
1872246	-1
1869213	-1
1842044	-1
8939592	-1
4896048	-1
4874233	-1
8467265	-1
8465686	-1
3553134	-1
3727253	-1
6316932	-1
6695177	-1
2672986	-1
124010	-1
147521	-1
128237	-1
2351676	-1
2368944	-1
2375043	-1
1823074	-1
6057366	-1
6096197	-1
59239	-1
2068449	-1
2052226	-1
2694771	-1
1757156	-1
1625189	-1
1100580	-1
7059663	-1
6931475	-1
5067637	-1
4607039	-1
4605004	-1
3195408	-1
3193419	-1
3191302	-1
3118377	-1
3125496	-1
1391154	-1
7982657	-1
166987	-1
5794688	-1
388697	-1
411782	-1
415870	-1
7808367	-1
13621402	-1
9628036	-1
10502110	-1
14240069	-1
18571833	-1
10651995	-1
1821579	-1
777600	-1
3197268	-1
4365447	-1
4648827	-1
11773720	-1
1442342	-1
5812316	-1
11044067	-1
13979462	-1
9745234	-1
11935148	-1
8035259	-1
13131873	-1
6320251	-1
1475086	-1
